N17AT018_CSDL_2019 1 1 10
N17AT017_CSDL_2019 1 1 0
N17AT010_CSDL_2019 1 1 6.6
N17AT013_CSDL_2019 1 1 8.7
N17CN055_CSDL_2019 1 1 8
N17CN056_CSDL_2019 1 1 0
N17AT023_CSDL_2019 1 1 7
N17AT015_CSDL_2019 1 1 0
N17AT080_CSDL_2019 1 1 0
N17AT011_CSDL_2019 1 1 0
N17AT012_CSDL_2019 1 1 0
N17CN035_CSDL_2019 1 1 5
N17CN056_AVA1_2019 1 2 0
N17AT018_AVA1_2019 1 2 0
N17AT018_AVA2_2019 2 2 8.9
N17AT017_AVA2_2019 2 2 7
N17AT011_AVA2_2019 2 2 5
N17CN055_AVA2_2019 2 2 8.8
N17CN056_AVA2_2019 2 2 7.5
N17AT013_AVA2_2019 2 2 7.8
N17AT080_AVA2_2019 2 2 9.5
N17AT018_KTLT_2019 2 1 8
NULL_